---
title: 面试题102 矩阵转置(二维列表行列互换)
date: 2017-09-19 18:54:16
tags: [列表]
categories: [基础数据类型]
permalink: matrix-transpose-in-python
---
## 问题描述 ##
有二维列表如下：
```python
matrix = [[1, 2, 3, 4], [5, 6, 7, 8], [9, 10, 11, 12]]
```
转置（行列互换）后的结果如下：
```python
[[1, 5, 9], [2, 6, 10], [3, 7, 11], [4, 8, 12]]
```
<!-- more -->
## 嵌套的列表推导式 ##
```python
>>> matrix = [[1, 2, 3, 4], [5, 6, 7, 8], [9, 10, 11, 12]]
>>> matrix_t = [[row[col] for row in matrix] for col in range(len(matrix[0]))]
>>> matrix_t
[[1, 5, 9], [2, 6, 10], [3, 7, 11], [4, 8, 12]]
>>> 
```
原理很简单：先循环列，在固定列上循环每一行。
## zip迭代 + map映射 ##
在 Python2 中：
```python
>>> matrix = [[1, 2, 3, 4], [5, 6, 7, 8], [9, 10, 11, 12]]
>>> matrix_t = map(list, zip(*matrix))
>>> matrix_t
[[1, 5, 9], [2, 6, 10], [3, 7, 11], [4, 8, 12]]
>>> 
```
如在 Python3 中，map函数返回的是迭代器不是列表，将结果用list函数构造成列表：
```python
>>> matrix = [[1, 2, 3, 4], [5, 6, 7, 8], [9, 10, 11, 12]]
>>> matrix_t = list(map(list, zip(*matrix)))
>>> matrix_t
[[1, 5, 9], [2, 6, 10], [3, 7, 11], [4, 8, 12]]
>>> 
```
原理也很清晰：先用zip并行迭代每一个列表，然后再用map将迭代后的元组转成列表。